1,1,121.0,333.5,135.0,60.39999999999998,1,1,1.0
1,2,733.1,265.8,72.79999999999995,39.80000000000001,1,1,1.0
1,3,209.5,250.87,94.19999999999999,39.27999999999997,1,1,1.0
2,1,97.8,336.3,138.3,61.30000000000001,1,1,1.0
2,2,719.94,267.3,72.05999999999995,40.02999999999997,1,1,1.0
2,3,209.3,251.04,94.49000000000001,39.28999999999999,1,1,1.0
3,1,73.22,341.4,140.58,61.30000000000001,1,1,1.0
3,2,706.42,266.9,73.48000000000002,42.860000000000014,1,1,1.0
3,3,209.1,251.22,94.78,39.28999999999999,1,1,1.0
4,1,48.2,345.6,143.8,61.39999999999998,1,1,1.0
4,2,691.88,269.3,76.62,42.19,1,1,1.0
4,3,209.22,251.4,94.75000000000003,39.28999999999999,1,1,1.0
5,1,22.9,347.6,146.7,63.39999999999998,1,1,1.0
5,2,678.02,272.4,75.98000000000002,41.52000000000004,1,1,1.0
5,3,209.33,251.58,94.72999999999999,39.28999999999999,1,1,1.0
6,1,0.0,352.0,146.8,65.39999999999998,1,1,1.0
6,2,664.51,274.13,77.69000000000005,41.47000000000003,1,1,1.0
6,3,209.45,251.76,94.69999999999999,39.29000000000002,1,1,1.0
7,1,0.0,355.6,124.8,67.0,1,1,1.0
7,2,649.96,275.9,77.74000000000001,43.170000000000016,1,1,1.0
7,3,209.57,251.94,94.67000000000002,39.29000000000002,1,1,1.0
8,1,0.0,358.4,102.4,68.21000000000004,1,1,1.0
8,2,634.71,278.0,80.49000000000001,43.80000000000001,1,1,1.0
8,3,209.68,252.12,94.64999999999998,39.27999999999997,1,1,1.0
9,1,0.0,362.4,77.5,60.10000000000002,1,1,1.0
9,2,621.55,280.77,81.15000000000009,43.80000000000001,1,1,1.0
9,3,209.8,252.3,94.62,39.27999999999997,1,1,1.0
10,1,0.3,368.4,51.400000000000006,57.10000000000002,1,1,1.0
10,2,604.2,282.8,83.59999999999991,44.19999999999999,1,1,1.0
10,3,210.1,252.48,94.41,39.28,1,1,1.0
11,1,0.0,378.3,26.2,50.80000000000001,1,1,1.0
11,2,590.69,284.2,83.6099999999999,45.60000000000002,1,1,1.0
11,3,210.4,252.66,94.20000000000002,39.28,1,1,1.0
12,2,575.45,286.28,85.34999999999991,45.60000000000002,1,1,1.0
12,3,209.65,252.66,94.95000000000002,39.28,1,1,1.0
13,2,560.2,288.4,85.39999999999998,45.900000000000034,1,1,1.0
13,3,208.9,252.66,95.70000000000002,39.28,1,1,1.0
14,2,543.92,290.5,87.08000000000004,48.30000000000001,1,1,1.0
14,3,208.9,252.7,95.70000000000002,39.30000000000001,1,1,1.0
15,2,526.6,292.9,88.79999999999995,47.98000000000002,1,1,1.0
15,3,208.9,252.73,95.70000000000002,39.32000000000002,1,1,1.0
16,2,509.6,296.0,92.60000000000002,49.04000000000002,1,1,1.0
16,3,208.9,252.76,95.70000000000002,39.34000000000003,1,1,1.0
17,2,492.3,298.5,94.99999999999994,48.26999999999998,1,1,1.0
17,3,208.9,252.8,95.70000000000002,39.349999999999966,1,1,1.0
18,2,473.6,299.9,96.0,51.03000000000003,1,1,1.0
18,3,208.9,252.83,95.70000000000002,39.37999999999997,1,1,1.0
19,2,458.7,301.98,96.00000000000006,52.41999999999996,1,1,1.0
19,3,208.9,252.87,95.70000000000002,39.389999999999986,1,1,1.0
20,2,440.7,305.4,97.40000000000003,53.200000000000045,1,1,1.0
20,3,208.9,252.9,95.70000000000002,39.41,1,1,1.0
21,2,424.1,307.13,98.79999999999995,53.19999999999999,1,1,1.0
21,3,208.9,252.94,95.70000000000002,39.420000000000016,1,1,1.0
22,2,405.0,310.9,102.0,53.60000000000002,1,1,1.0
22,3,208.9,252.97,95.70000000000002,39.45000000000002,1,1,1.0
23,2,386.3,313.7,105.5,55.60000000000002,1,1,1.0
23,3,208.9,253.0,95.70000000000002,39.47000000000003,1,1,1.0
24,2,367.94,316.82,106.86000000000001,55.579999999999984,1,1,1.0
24,3,208.9,253.04,95.70000000000002,39.47999999999999,1,1,1.0
25,2,348.9,319.94,107.5,57.360000000000014,1,1,1.0
25,3,208.9,253.07,95.70000000000002,39.5,1,1,1.0
26,2,328.11,322.0,110.28999999999996,59.5,1,1,1.0
26,3,208.9,253.11,95.70000000000002,39.50999999999999,1,1,1.0
27,2,308.4,325.5,113.40000000000003,61.19999999999999,1,1,1.0
27,3,208.9,253.14,95.70000000000002,39.54000000000002,1,1,1.0
28,2,287.3,328.3,117.51999999999998,62.599999999999966,1,1,1.0
28,3,208.9,253.17,95.70000000000002,39.56000000000003,1,1,1.0
29,2,264.8,333.15,120.59999999999997,61.25,1,1,1.0
29,3,208.9,253.21,95.70000000000002,39.569999999999965,1,1,1.0
30,2,245.05,336.6,120.94999999999999,64.39999999999998,1,1,1.0
30,3,208.9,253.24,95.70000000000002,39.589999999999975,1,1,1.0
31,2,221.84,339.4,126.46000000000001,63.700000000000045,1,1,1.0
31,3,208.9,253.28,95.70000000000002,39.609999999999985,1,1,1.0
32,2,197.6,343.2,130.29999999999998,65.80000000000001,1,1,1.0
32,3,208.9,253.31,95.70000000000002,39.629999999999995,1,1,1.0
33,2,175.77,346.7,129.92999999999998,67.80000000000001,1,1,1.0
33,3,208.9,253.35,95.70000000000002,39.640000000000015,1,1,1.0
34,2,149.8,350.5,137.2,70.19999999999999,1,1,1.0
34,3,208.9,253.38,95.70000000000002,39.660000000000025,1,1,1.0
35,2,124.46,354.3,140.34000000000003,70.59999999999997,1,1,1.0
35,3,208.9,253.41,95.70000000000002,39.690000000000026,1,1,1.0
36,2,101.25,359.5,143.15,71.60000000000002,1,1,1.0
36,3,208.9,253.45,95.70000000000002,39.69999999999999,1,1,1.0
37,2,73.54,363.7,149.76,72.90000000000003,1,1,1.0
37,3,208.9,253.48,95.70000000000002,39.72,1,1,1.0
38,2,45.8,366.5,153.94,77.0,1,1,1.0
38,3,208.9,253.52,95.70000000000002,39.72999999999999,1,1,1.0
39,2,17.4,372.0,156.71,77.0,1,1,1.0
39,3,208.9,253.55,95.70000000000002,39.75999999999999,1,1,1.0
40,2,0.0,377.54,150.6,77.0,1,1,1.0
40,3,208.9,253.58,95.70000000000002,39.78,1,1,1.0
41,2,0.0,381.35,126.7,80.09999999999997,1,1,1.0
41,3,208.9,253.62,95.70000000000002,39.79000000000002,1,1,1.0
42,2,0.0,386.2,101.41,83.90000000000003,1,1,1.0
42,3,208.9,253.65,95.70000000000002,39.809999999999974,1,1,1.0
43,2,0.0,388.3,80.62,67.59999999999997,1,1,1.0
43,3,208.9,253.69,95.70000000000002,39.81999999999999,1,1,1.0
44,2,0.69,403.89,48.06,58.910000000000025,1,1,1.0
44,3,208.9,253.72,95.70000000000002,39.849999999999994,1,1,1.0
45,2,0.0,415.3,25.54,53.69999999999999,1,1,1.0
45,3,208.9,253.76,95.70000000000002,39.860000000000014,1,1,1.0
46,3,208.9,253.79,95.70000000000002,39.880000000000024,1,1,1.0
47,3,208.9,253.82,95.70000000000002,39.900000000000034,1,1,1.0
48,3,208.9,253.86,95.70000000000002,39.91999999999996,1,1,1.0
49,3,208.9,253.89,95.70000000000002,39.94,1,1,1.0
50,3,208.9,253.93,95.70000000000002,39.94999999999999,1,1,1.0
51,4,950.75,232.6,9.25,45.70000000000002,1,1,1.0
51,3,208.9,253.96,95.70000000000002,39.97,1,1,1.0
52,4,951.7,225.4,8.299999999999955,53.599999999999994,1,1,1.0
52,3,208.9,253.99,95.70000000000002,40.0,1,1,1.0
53,4,947.9,225.4,12.100000000000023,58.29999999999998,1,1,1.0
53,3,208.9,254.03,95.70000000000002,40.01000000000002,1,1,1.0
54,4,943.4,226.3,16.600000000000023,60.099999999999966,1,1,1.0
54,3,208.9,254.06,95.70000000000002,40.02999999999997,1,1,1.0
55,4,938.9,226.3,21.100000000000023,61.89999999999998,1,1,1.0
55,3,208.9,254.1,95.70000000000002,40.03999999999999,1,1,1.0
56,4,934.4,225.4,25.600000000000023,64.79999999999998,1,1,1.0
56,3,208.9,254.13,95.70000000000002,40.06999999999999,1,1,1.0
57,4,929.2,225.4,30.799999999999955,66.1,1,1,1.0
57,3,208.9,254.17,95.70000000000002,40.08000000000001,1,1,1.0
58,4,924.6,225.4,35.39999999999998,66.79999999999998,1,1,1.0
58,3,208.9,254.2,95.70000000000002,40.10000000000002,1,1,1.0
59,4,918.7,225.4,41.299999999999955,68.1,1,1,1.0
59,3,208.9,254.3,95.70000000000002,40.14999999999998,1,1,1.0
60,4,914.2,225.4,45.799999999999955,70.29999999999998,1,1,1.0
60,3,208.9,254.4,95.70000000000002,40.20000000000002,1,1,1.0
61,4,909.6,225.18,50.39999999999998,70.92000000000002,1,1,1.0
61,3,208.9,254.5,95.70000000000002,40.25,1,1,1.0
62,4,903.2,226.3,56.799999999999955,72.09999999999997,1,1,1.0
62,3,208.9,254.6,95.70000000000002,40.29999999999998,1,1,1.0
63,4,898.5,227.0,61.5,73.39999999999998,1,1,1.0
63,5,892.73,241.56,10.730000000000018,27.899999999999977,1,1,1.0
63,3,208.9,254.7,95.70000000000002,40.35000000000002,1,1,1.0
64,4,892.2,225.7,67.79999999999995,75.80000000000001,1,1,1.0
64,5,885.87,242.63,11.25,27.99000000000001,1,1,1.0
64,3,208.9,254.8,95.70000000000002,40.39999999999998,1,1,1.0
65,4,886.6,225.7,73.39999999999998,75.80000000000001,1,1,1.0
65,5,879.0,243.71,11.769999999999982,28.059999999999974,1,1,1.0
65,3,208.9,254.9,95.70000000000002,40.45000000000002,1,1,1.0
66,4,880.3,226.2,79.70000000000005,77.5,1,1,1.0
66,5,872.14,244.78,12.279999999999973,28.150000000000006,1,1,1.0
66,3,208.9,255.0,95.70000000000002,40.5,1,1,1.0
67,4,873.5,226.2,86.5,79.60000000000002,1,1,1.0
67,5,865.28,245.85,12.800000000000068,28.22999999999999,1,1,1.0
67,3,208.9,255.1,95.70000000000002,40.54999999999998,1,1,1.0
68,4,867.0,226.2,93.0,82.60000000000002,1,1,1.0
68,5,858.42,246.93,13.31000000000006,28.30000000000001,1,1,1.0
68,3,208.9,255.2,95.70000000000002,40.60000000000002,1,1,1.0
69,4,861.0,226.2,99.0,83.5,1,1,1.0
69,5,851.55,248.0,13.840000000000032,28.389999999999986,1,1,1.0
69,3,208.9,255.3,95.70000000000002,40.64999999999998,1,1,1.0
70,4,855.2,226.2,104.79999999999995,84.40000000000003,1,1,1.0
70,5,844.69,249.07,14.349999999999909,28.470000000000027,1,1,1.0
70,3,208.9,255.4,95.70000000000002,40.70000000000002,1,1,1.0
71,4,847.9,226.2,112.10000000000002,86.19999999999999,1,1,1.0
71,5,837.83,250.15,14.860000000000014,28.539999999999992,1,1,1.0
71,3,208.9,255.5,95.70000000000002,40.75,1,1,1.0
72,4,840.8,228.0,119.20000000000005,84.39999999999998,1,1,1.0
72,5,830.96,251.22,15.389999999999986,28.630000000000024,1,1,1.0
72,3,208.9,255.6,95.70000000000002,40.79999999999998,1,1,1.0
73,4,834.0,229.5,126.0,85.30000000000001,1,1,1.0
73,5,824.1,252.29,15.899999999999977,28.710000000000008,1,1,1.0
73,3,208.9,255.7,95.70000000000002,40.85000000000002,1,1,1.0
74,4,825.9,229.8,134.10000000000002,87.69999999999999,1,1,1.0
74,5,816.9,252.29,23.100000000000023,28.710000000000008,1,1,1.0
74,3,208.9,255.8,95.70000000000002,40.89999999999998,1,1,1.0
75,4,818.4,231.0,141.60000000000002,87.69999999999999,1,1,1.0
75,5,807.43,253.13,24.3900000000001,28.99000000000001,1,1,1.0
75,3,208.9,255.83,95.70000000000002,40.78,1,1,1.0
76,4,809.7,232.5,150.29999999999995,88.89999999999998,1,1,1.0
76,5,797.97,253.97,25.66999999999996,29.27000000000001,1,1,1.0
76,3,208.9,255.86,95.70000000000002,40.66999999999996,1,1,1.0
77,4,802.2,233.1,157.79999999999995,90.70000000000002,1,1,1.0
77,5,788.5,254.81,26.960000000000036,29.55000000000001,1,1,1.0
77,3,208.9,255.89,95.70000000000002,40.55000000000001,1,1,1.0
78,4,795.4,234.3,163.80000000000007,89.09999999999997,1,1,1.0
78,5,779.05,255.66,28.230000000000018,30.22,1,1,1.0
78,3,208.9,255.91,95.70000000000002,40.45000000000002,1,1,1.0
79,4,787.4,234.6,166.20000000000005,94.4,1,1,1.0
79,5,769.6,256.5,29.5,30.899999999999977,1,1,1.0
79,6,946.44,236.4,13.559999999999945,32.68999999999997,1,1,1.0
79,3,208.9,255.94,95.70000000000002,40.329999999999984,1,1,1.0
80,4,778.2,236.5,168.19999999999993,95.30000000000001,1,1,1.0
80,5,760.9,257.34,30.019999999999982,32.26000000000005,1,1,1.0
80,6,937.86,237.14,16.199999999999932,32.69,1,1,1.0
80,3,208.9,255.97,95.70000000000002,40.22,1,1,1.0
81,4,769.9,236.8,171.30000000000007,95.0,1,1,1.0
81,5,750.3,258.18,32.440000000000055,32.06999999999999,1,1,1.0
81,6,929.28,237.88,18.840000000000032,32.69999999999999,1,1,1.0
81,3,208.9,256.0,95.70000000000002,40.10000000000002,1,1,1.0
82,4,761.2,238.2,173.39999999999998,93.60000000000002,1,1,1.0
82,5,740.0,259.02,34.559999999999945,31.879999999999995,1,1,1.0
82,6,920.7,238.63,21.479999999999905,32.69,1,1,1.0
82,3,208.9,255.95,95.70000000000002,40.150000000000034,1,1,1.0
83,4,752.5,237.9,176.60000000000002,93.9,1,1,1.0
83,5,729.9,259.86,36.48000000000002,31.689999999999998,1,1,1.0
83,6,912.12,239.37,24.120000000000005,32.69,1,1,1.0
83,3,208.9,255.9,95.70000000000002,40.20000000000002,1,1,1.0
84,4,743.8,239.6,179.4000000000001,93.6,1,1,1.0
84,5,719.5,260.7,38.700000000000045,31.5,1,1,1.0
84,6,903.54,240.11,26.75999999999999,32.69,1,1,1.0
84,3,208.9,255.86,95.70000000000002,40.24000000000001,1,1,1.0
85,4,735.1,239.9,182.60000000000002,97.1,1,1,1.0
85,5,708.08,261.42,42.17999999999995,31.539999999999964,1,1,1.0
85,6,894.96,240.85,29.399999999999977,32.690000000000026,1,1,1.0
85,3,208.9,255.81,95.70000000000002,40.29000000000002,1,1,1.0
86,4,726.1,241.3,185.0,98.80000000000001,1,1,1.0
86,5,696.65,262.14,45.67000000000007,31.58000000000004,1,1,1.0
86,6,886.38,241.59,32.039999999999964,32.70000000000002,1,1,1.0
86,3,208.9,255.76,95.70000000000002,40.34000000000003,1,1,1.0
87,4,716.4,242.3,189.80000000000007,100.59999999999997,1,1,1.0
87,5,685.23,262.86,49.14999999999998,31.620000000000005,1,1,1.0
87,6,877.8,242.34,34.680000000000064,32.68999999999997,1,1,1.0
87,3,208.9,255.71,95.70000000000002,40.390000000000015,1,1,1.0
88,4,706.7,244.4,190.0999999999999,100.9,1,1,1.0
88,5,673.8,263.58,52.6400000000001,31.670000000000016,1,1,1.0
88,6,869.22,243.08,37.319999999999936,32.68999999999997,1,1,1.0
88,3,208.9,255.66,95.70000000000002,40.440000000000026,1,1,1.0
89,4,697.0,244.4,196.70000000000005,100.9,1,1,1.0
89,5,662.38,264.3,56.120000000000005,31.70999999999998,1,1,1.0
89,6,860.64,243.82,39.960000000000036,32.69,1,1,1.0
89,3,208.9,255.62,95.70000000000002,40.48000000000002,1,1,1.0
90,4,687.3,244.4,198.10000000000002,103.99999999999997,1,1,1.0
90,5,652.6,264.86,57.95999999999992,33.539999999999964,1,1,1.0
90,6,851.31,244.38,41.59000000000003,32.410000000000025,1,1,1.0
90,3,208.9,255.57,95.70000000000002,40.53000000000003,1,1,1.0
91,4,675.9,245.8,202.20000000000005,106.80000000000001,1,1,1.0
91,5,640.48,265.42,62.139999999999986,33.329999999999984,1,1,1.0
91,6,841.99,244.93,43.210000000000036,32.139999999999986,1,1,1.0
91,3,208.9,255.52,95.70000000000002,40.58000000000001,1,1,1.0
92,4,663.5,246.8,206.29999999999995,105.80000000000001,1,1,1.0
92,5,628.35,265.98,66.32999999999993,33.129999999999995,1,1,1.0
92,6,832.67,245.49,44.83000000000004,31.860000000000014,1,1,1.0
92,3,208.9,255.47,95.70000000000002,40.630000000000024,1,1,1.0
93,4,653.5,248.6,211.10000000000002,107.50000000000003,1,1,1.0
93,5,616.23,266.54,70.50999999999999,32.91999999999996,1,1,1.0
93,6,823.35,246.05,46.44999999999993,31.579999999999984,1,1,1.0
93,3,208.9,255.42,95.70000000000002,40.680000000000035,1,1,1.0
94,4,642.4,248.6,216.70000000000005,111.00000000000003,1,1,1.0
94,5,604.1,267.1,74.69999999999993,32.71999999999997,1,1,1.0
94,6,814.03,246.6,48.07000000000005,31.31000000000003,1,1,1.0
94,3,208.9,255.38,95.70000000000002,40.72000000000003,1,1,1.0
95,4,632.0,251.03,219.48000000000002,112.70000000000002,1,1,1.0
95,5,590.83,267.7,77.34999999999991,33.03000000000003,1,1,1.0
95,6,804.7,247.16,49.69999999999993,31.02000000000001,1,1,1.0
95,3,208.9,255.33,95.70000000000002,40.77000000000001,1,1,1.0
96,4,620.8,251.03,223.10000000000002,116.27000000000001,1,1,1.0
96,5,577.56,268.3,80.0,33.349999999999966,1,1,1.0
96,6,795.38,247.72,51.32000000000005,30.73999999999998,1,1,1.0
96,3,208.9,255.28,95.70000000000002,40.82000000000002,1,1,1.0
97,4,608.4,253.0,226.70000000000005,117.89999999999998,1,1,1.0
97,5,564.3,268.9,82.6400000000001,33.670000000000016,1,1,1.0
97,6,786.06,248.27,52.940000000000055,30.47,1,1,1.0
97,3,208.9,255.23,95.70000000000002,40.87000000000003,1,1,1.0
98,4,599.2,253.4,230.29999999999995,117.1,1,1,1.0
98,5,551.03,269.5,85.29000000000008,33.99000000000001,1,1,1.0
98,6,776.74,248.83,54.559999999999945,30.18999999999997,1,1,1.0
98,3,208.9,255.18,95.70000000000002,40.920000000000016,1,1,1.0
99,4,586.0,254.2,236.29999999999995,121.10000000000002,1,1,1.0
99,5,537.76,270.11,87.94000000000005,34.30000000000001,1,1,1.0
99,6,767.42,249.38,56.180000000000064,29.920000000000016,1,1,1.0
99,3,208.9,255.14,95.70000000000002,40.960000000000036,1,1,1.0
100,4,571.17,256.6,242.33000000000004,122.31,1,1,1.0
100,5,524.49,270.71,90.59000000000003,34.620000000000005,1,1,1.0
100,6,754.71,250.07,58.91999999999996,30.220000000000027,1,1,1.0
100,3,208.9,255.09,95.70000000000002,41.01000000000002,1,1,1.0
101,4,557.14,258.2,242.33000000000004,125.90000000000003,1,1,1.0
101,5,511.23,271.31,93.23000000000002,34.93000000000001,1,1,1.0
101,6,742.01,250.76,61.64999999999998,30.519999999999982,1,1,1.0
101,3,208.9,255.04,95.70000000000002,41.06000000000003,1,1,1.0
102,4,547.1,258.2,246.39999999999998,126.69999999999999,1,1,1.0
102,5,497.96,271.91,95.88000000000005,35.25,1,1,1.0
102,6,729.31,251.45,64.38000000000011,30.810000000000002,1,1,1.0
102,3,208.9,254.99,95.70000000000002,41.110000000000014,1,1,1.0
103,4,533.5,258.6,254.0,126.29999999999995,1,1,1.0
103,5,484.69,272.51,98.53000000000003,35.56999999999999,1,1,1.0
103,6,716.61,252.14,67.11000000000001,31.110000000000014,1,1,1.0
103,7,954.01,238.28,5.990000000000009,25.24999999999997,1,1,1.0
103,3,208.9,254.94,95.70000000000002,41.160000000000025,1,1,1.0
104,4,520.79,261.55,256.76,129.55,1,1,1.0
104,5,471.42,273.11,101.18,35.889999999999986,1,1,1.0
104,6,703.91,252.83,69.83000000000004,31.409999999999997,1,1,1.0
104,7,950.04,233.59,9.960000000000036,30.73999999999998,1,1,1.0
104,3,208.9,254.9,95.70000000000002,41.20000000000002,1,1,1.0
105,4,508.08,264.5,259.52000000000004,132.8,1,1,1.0
105,5,457.24,273.39,101.97000000000003,36.56999999999999,1,1,1.0
105,6,691.2,253.52,72.56999999999994,31.710000000000008,1,1,1.0
105,7,946.07,228.9,13.92999999999995,36.22,1,1,1.0
105,3,208.9,254.85,95.70000000000002,41.25000000000003,1,1,1.0
106,4,490.0,266.8,270.17999999999995,133.2,1,1,1.0
106,5,443.05,273.67,102.77000000000004,37.25,1,1,1.0
106,6,678.5,254.21,75.29999999999995,31.99999999999997,1,1,1.0
106,7,942.1,214.8,17.899999999999977,51.120000000000005,1,1,1.0
106,3,208.9,254.8,95.70000000000002,41.30000000000001,1,1,1.0
107,4,473.9,266.8,273.9,134.3,1,1,1.0
107,5,428.87,273.94,103.55999999999995,37.94999999999999,1,1,1.0
107,6,665.8,254.9,78.03000000000009,32.29999999999998,1,1,1.0
107,7,938.14,214.89,21.860000000000014,51.83000000000004,1,1,1.0
107,3,208.9,254.8,95.46000000000001,41.30000000000001,1,1,1.0
108,4,458.3,267.9,280.40000000000003,139.60000000000002,1,1,1.0
108,5,414.68,274.22,104.35999999999996,38.629999999999995,1,1,1.0
108,6,651.56,255.6,81.09000000000003,32.29999999999998,1,1,1.0
108,7,934.17,214.98,25.83000000000004,52.53999999999999,1,1,1.0
108,3,208.9,254.8,95.22,41.30000000000001,1,1,1.0
109,4,442.7,267.9,286.90000000000003,142.3,1,1,1.0
109,5,400.5,274.5,105.14999999999998,39.31,1,1,1.0
109,6,637.32,256.29,84.15999999999997,32.299999999999955,1,1,1.0
109,7,930.2,215.07,29.799999999999955,53.24000000000001,1,1,1.0
109,3,208.9,254.8,94.97,41.30000000000001,1,1,1.0
110,4,428.2,270.0,293.40000000000003,142.89999999999998,1,1,1.0
110,5,386.8,276.1,105.45999999999998,38.66999999999996,1,1,1.0
110,6,623.08,256.99,87.21999999999991,32.30000000000001,1,1,1.0
110,7,926.23,215.16,33.76999999999998,53.95000000000002,1,1,1.0
110,3,208.9,254.8,94.72999999999999,41.30000000000001,1,1,1.0
111,4,411.0,270.0,298.29999999999995,154.2,1,1,1.0
111,5,372.08,277.0,106.79000000000002,38.73000000000002,1,1,1.0
111,6,608.84,257.68,90.55999999999995,32.30000000000001,1,1,1.0
111,7,922.26,215.25,37.74000000000001,54.660000000000025,1,1,1.0
111,3,208.9,254.8,94.48999999999998,41.30000000000001,1,1,1.0
112,4,392.76,271.6,309.03999999999996,152.59999999999997,1,1,1.0
112,5,357.36,277.7,108.12,39.0,1,1,1.0
112,6,594.6,258.38,93.69999999999993,32.30000000000001,1,1,1.0
112,7,918.29,215.34,41.710000000000036,55.359999999999985,1,1,1.0
112,3,208.9,254.8,94.24999999999997,41.30000000000001,1,1,1.0
113,4,374.5,275.4,315.5,153.60000000000002,1,1,1.0
113,5,342.64,278.4,109.44999999999999,39.26000000000005,1,1,1.0
113,6,580.36,259.07,95.34000000000003,32.30000000000001,1,1,1.0
113,7,914.33,215.43,45.66999999999996,56.06999999999999,1,1,1.0
113,3,208.9,254.8,94.01000000000002,41.30000000000001,1,1,1.0
114,4,358.94,275.4,320.85999999999996,160.04000000000002,1,1,1.0
114,5,327.93,281.5,110.76999999999998,37.120000000000005,1,1,1.0
114,6,566.12,259.77,96.98000000000002,32.30000000000001,1,1,1.0
114,7,909.15,215.67,50.85000000000002,56.430000000000035,1,1,1.0
114,3,208.9,254.8,93.77000000000001,41.30000000000001,1,1,1.0
115,4,341.77,280.6,327.83000000000004,162.39999999999998,1,1,1.0
115,5,311.93,282.18,111.74000000000001,37.920000000000016,1,1,1.0
115,6,551.88,260.47,98.25,32.299999999999955,1,1,1.0
115,7,903.98,215.9,56.01999999999998,56.79999999999998,1,1,1.0
115,3,208.9,254.8,93.52000000000001,41.30000000000001,1,1,1.0
116,4,323.5,281.14,333.20000000000005,163.96000000000004,1,1,1.0
116,5,295.94,282.85,112.69999999999999,38.72999999999996,1,1,1.0
116,6,537.64,261.16,99.52999999999997,32.299999999999955,1,1,1.0
116,7,898.81,216.14,61.190000000000055,57.160000000000025,1,1,1.0
116,3,208.9,254.8,93.28,41.30000000000001,1,1,1.0
117,4,302.0,281.7,344.0,169.8,1,1,1.0
117,5,279.95,283.53,113.66000000000003,39.52000000000004,1,1,1.0
117,6,523.4,261.86,100.80000000000007,32.30000000000001,1,1,1.0
117,7,893.64,216.38,66.36000000000001,57.51999999999998,1,1,1.0
117,3,208.9,254.8,93.03999999999999,41.30000000000001,1,1,1.0
118,4,281.07,284.9,353.13000000000005,170.89000000000004,1,1,1.0
118,5,263.95,284.2,114.63,40.329999999999984,1,1,1.0
118,6,508.88,262.65,102.20000000000005,33.360000000000014,1,1,1.0
118,7,888.47,216.62,71.52999999999997,57.889999999999986,1,1,1.0
118,3,208.9,254.8,92.79999999999998,41.30000000000001,1,1,1.0
119,4,260.15,288.7,357.95000000000005,174.61,1,1,1.0
119,5,251.2,285.22,114.0,40.789999999999964,1,1,1.0
119,6,494.37,263.43,103.59000000000003,34.44,1,1,1.0
119,7,883.3,216.85,75.90000000000009,58.26000000000002,1,1,1.0
119,3,208.9,254.8,93.08000000000001,41.30000000000001,1,1,1.0
120,4,238.14,290.3,374.56000000000006,180.51999999999998,1,1,1.0
120,5,235.8,286.23,114.03999999999996,41.25999999999999,1,1,1.0
120,6,479.85,264.22,104.99000000000001,35.5,1,1,1.0
120,7,878.13,217.09,76.26999999999998,58.619999999999976,1,1,1.0
120,3,208.9,254.8,93.35999999999999,41.30000000000001,1,1,1.0
121,4,214.0,291.7,382.1,183.3,1,1,1.0
121,5,219.65,287.25,114.83000000000001,41.72000000000003,1,1,1.0
121,6,465.34,265.01,106.38000000000005,36.56,1,1,1.0
121,7,872.96,217.33,76.63999999999999,58.97999999999999,1,1,1.0
121,3,208.9,254.8,93.64000000000001,41.30000000000001,1,1,1.0
122,4,194.1,292.8,387.9,186.39999999999998,1,1,1.0
122,5,203.5,288.27,115.62,42.170000000000016,1,1,1.0
122,6,450.82,265.8,107.78000000000003,37.629999999999995,1,1,1.0
122,7,867.79,217.56,77.00999999999999,59.35000000000002,1,1,1.0
122,3,208.9,254.8,93.91999999999999,41.30000000000001,1,1,1.0
123,4,170.0,297.7,402.6,189.0,1,1,1.0
123,5,185.75,289.28,118.00999999999999,42.64000000000004,1,1,1.0
123,6,436.3,266.59,109.18,38.69,1,1,1.0
123,7,862.62,217.8,77.38,59.70999999999998,1,1,1.0
123,3,208.9,254.8,94.20000000000002,41.30000000000001,1,1,1.0
124,4,145.1,300.21,412.56999999999994,195.39000000000004,1,1,1.0
124,5,167.99,290.3,120.40999999999997,43.099999999999966,1,1,1.0
124,6,421.79,267.38,110.57,39.75999999999999,1,1,1.0
124,7,856.36,218.24,78.59000000000003,59.94999999999999,1,1,1.0
124,3,208.9,254.89,94.20000000000002,41.210000000000036,1,1,1.0
125,4,119.6,302.72,426.69999999999993,197.80999999999995,1,1,1.0
125,5,151.19,291.54,120.56,43.539999999999964,1,1,1.0
125,6,407.27,268.16,111.97000000000003,40.829999999999984,1,1,1.0
125,7,850.11,218.68,79.78999999999996,60.19,1,1,1.0
125,3,208.9,254.98,94.20000000000002,41.12000000000003,1,1,1.0
126,4,91.7,305.23,439.21999999999997,203.87,1,1,1.0
126,5,134.39,292.78,120.71000000000001,43.98000000000002,1,1,1.0
126,6,392.75,268.95,113.37,41.900000000000034,1,1,1.0
126,7,843.86,219.12,80.99000000000001,60.43000000000001,1,1,1.0
126,3,208.9,255.08,94.20000000000002,41.02000000000001,1,1,1.0
127,4,62.8,307.74,454.90000000000003,212.26,1,1,1.0
127,5,117.6,294.02,122.80000000000001,44.420000000000016,1,1,1.0
127,6,378.24,269.74,114.75999999999999,42.95999999999998,1,1,1.0
127,7,837.61,219.56,82.18999999999994,60.670000000000016,1,1,1.0
127,3,208.9,255.17,94.20000000000002,40.930000000000035,1,1,1.0
128,4,34.4,310.25,468.3,217.35000000000002,1,1,1.0
128,5,98.8,295.26,124.11999999999999,44.860000000000014,1,1,1.0
128,6,362.52,270.49,115.82,43.74000000000001,1,1,1.0
128,7,831.35,220.0,83.39999999999998,60.910000000000025,1,1,1.0
128,3,208.9,255.26,94.20000000000002,40.84000000000003,1,1,1.0
129,4,4.5,312.76,482.32,222.34000000000003,1,1,1.0
129,5,80.7,296.5,124.74,45.30000000000001,1,1,1.0
129,6,346.79,271.23,116.88999999999999,44.52999999999997,1,1,1.0
129,7,825.1,220.44,84.60000000000002,61.14999999999998,1,1,1.0
129,3,208.9,255.35,94.20000000000002,40.75000000000003,1,1,1.0
130,4,0.0,315.27,473.8,224.73000000000002,1,1,1.0
130,5,61.8,297.74,126.16000000000001,45.74000000000001,1,1,1.0
130,6,331.07,271.98,117.94999999999999,45.31,1,1,1.0
130,7,818.85,220.88,85.79999999999995,61.379999999999995,1,1,1.0
130,3,208.9,255.45,94.20000000000002,40.650000000000034,1,1,1.0
131,4,0.0,317.78,456.96,222.22000000000003,1,1,1.0
131,5,41.1,298.98,129.38,46.18000000000001,1,1,1.0
131,6,315.35,272.72,119.00999999999999,46.099999999999966,1,1,1.0
131,7,812.59,221.32,87.00999999999999,61.620000000000005,1,1,1.0
131,3,208.9,255.54,94.20000000000002,40.56000000000003,1,1,1.0
132,4,0.0,320.29,440.12,219.70999999999998,1,1,1.0
132,5,22.2,300.22,130.8,46.61999999999995,1,1,1.0
132,6,299.63,273.47,120.07,46.879999999999995,1,1,1.0
132,7,806.34,221.76,88.20999999999992,61.860000000000014,1,1,1.0
132,3,208.9,255.63,94.20000000000002,40.47000000000003,1,1,1.0
133,4,0.0,322.8,423.28,217.2,1,1,1.0
133,5,4.3,301.46,131.22,47.06,1,1,1.0
133,6,283.91,274.22,121.13,47.65999999999997,1,1,1.0
133,7,800.09,222.2,89.40999999999997,62.10000000000002,1,1,1.0
133,8,668.15,531.59,77.89999999999998,8.409999999999968,1,1,1.0
133,3,208.9,255.72,94.20000000000002,40.380000000000024,1,1,1.0
134,4,0.0,326.4,406.7,213.60000000000002,1,1,1.0
134,5,0.0,302.7,118.05,47.5,1,1,1.0
134,6,268.18,274.96,122.19999999999999,48.450000000000045,1,1,1.0
134,7,792.71,222.68,90.53999999999996,62.420000000000016,1,1,1.0
134,8,686.56,527.78,83.20000000000005,12.220000000000027,1,1,1.0
134,3,208.9,255.82,94.20000000000002,40.28000000000003,1,1,1.0
135,4,0.0,330.06,387.4,209.94,1,1,1.0
135,5,0.0,302.7,99.74,50.30000000000001,1,1,1.0
135,6,252.46,275.71,123.26000000000002,49.23000000000002,1,1,1.0
135,7,785.33,223.16,91.65999999999997,62.73999999999998,1,1,1.0
135,8,690.47,522.72,103.52999999999997,17.279999999999973,1,1,1.0
135,3,208.9,255.91,94.20000000000002,40.190000000000026,1,1,1.0
136,4,0.0,333.72,368.1,206.27999999999997,1,1,1.0
136,5,0.0,305.5,81.43,49.30000000000001,1,1,1.0
136,6,236.74,276.45,124.32,50.02000000000004,1,1,1.0
136,7,777.95,223.64,92.78999999999996,63.06,1,1,1.0
136,8,698.61,517.05,112.88999999999999,22.950000000000045,1,1,1.0
136,3,208.9,256.0,94.20000000000002,40.10000000000002,1,1,1.0
137,4,0.0,337.38,351.0,202.62,1,1,1.0
137,5,0.0,306.8,63.12,46.849999999999966,1,1,1.0
137,6,221.02,277.2,125.37999999999997,50.80000000000001,1,1,1.0
137,7,770.57,224.12,93.91999999999996,63.379999999999995,1,1,1.0
137,8,706.75,511.39,122.95000000000005,28.610000000000014,1,1,1.0
137,3,208.9,256.05,94.20000000000002,40.120000000000005,1,1,1.0
138,4,0.0,341.04,332.7,198.95999999999998,1,1,1.0
138,5,0.0,311.4,44.82,41.10000000000002,1,1,1.0
138,6,203.63,278.27,127.76999999999998,51.450000000000045,1,1,1.0
138,7,763.19,224.6,95.04999999999995,63.70000000000002,1,1,1.0
138,8,714.89,503.6,128.61,36.39999999999998,1,1,1.0
138,3,208.9,256.1,94.20000000000002,40.129999999999995,1,1,1.0
139,4,0.0,344.7,311.8,195.3,1,1,1.0
139,5,0.0,316.7,26.51,37.900000000000034,1,1,1.0
139,6,186.23,279.34,130.17,52.09000000000003,1,1,1.0
139,7,755.81,225.09,96.17000000000007,64.01000000000002,1,1,1.0
139,8,722.0,498.36,130.12,41.639999999999986,1,1,1.0
139,3,208.9,256.16,94.20000000000002,40.139999999999986,1,1,1.0
140,4,0.0,348.36,291.4,191.64,1,1,1.0
140,5,0.0,324.3,8.2,22.69999999999999,1,1,1.0
140,6,170.2,280.41,130.01,52.73999999999995,1,1,1.0
140,7,748.44,225.57,97.28999999999996,64.32999999999998,1,1,1.0
140,8,724.0,493.12,136.74,46.879999999999995,1,1,1.0
140,3,208.9,256.21,94.20000000000002,40.150000000000034,1,1,1.0
141,4,0.0,352.02,269.23,187.98000000000002,1,1,1.0
141,6,152.61,281.48,131.89999999999998,53.379999999999995,1,1,1.0
141,7,741.06,226.05,98.42000000000007,64.64999999999998,1,1,1.0
141,8,734.53,487.88,134.83000000000004,52.120000000000005,1,1,1.0
141,3,208.9,256.26,94.20000000000002,40.170000000000016,1,1,1.0
142,4,0.0,355.68,247.05,184.32,1,1,1.0
142,6,135.03,282.55,133.77,54.02999999999997,1,1,1.0
142,7,733.68,226.53,99.54000000000008,64.97,1,1,1.0
142,8,745.07,482.64,132.90999999999997,57.360000000000014,1,1,1.0
142,3,208.9,256.31,94.20000000000002,40.18000000000001,1,1,1.0
143,4,0.0,359.34,224.88,180.66000000000003,1,1,1.0
143,6,117.91,283.62,134.51,54.670000000000016,1,1,1.0
143,7,726.3,227.01,100.67000000000007,65.29000000000002,1,1,1.0
143,8,755.6,477.39,131.0,62.610000000000014,1,1,1.0
143,3,208.9,256.37,94.20000000000002,40.19,1,1,1.0
144,4,0.0,363.0,202.7,177.0,1,1,1.0
144,6,100.8,284.69,135.24,55.31999999999999,1,1,1.0
144,7,717.64,227.29,101.89999999999998,65.72999999999999,1,1,1.0
144,8,764.72,472.83,128.78999999999996,67.17000000000002,1,1,1.0
144,3,208.9,256.42,94.20000000000002,40.19999999999999,1,1,1.0
145,4,0.0,365.2,181.1,174.8,1,1,1.0
145,6,82.9,285.76,138.2,55.97000000000003,1,1,1.0
145,7,708.98,227.57,103.12,66.17000000000002,1,1,1.0
145,8,777.6,468.27,122.81999999999994,71.73000000000002,1,1,1.0
145,3,208.9,256.47,94.20000000000002,40.21999999999997,1,1,1.0
146,4,0.0,370.9,154.5,169.10000000000002,1,1,1.0
146,6,65.0,286.83,139.9,56.610000000000014,1,1,1.0
146,7,700.33,227.85,104.25999999999999,66.60999999999999,1,1,1.0
146,8,786.7,461.6,120.63,78.39999999999998,1,1,1.0
146,3,208.9,256.52,94.20000000000002,40.23000000000002,1,1,1.0
147,4,0.0,373.8,131.5,166.2,1,1,1.0
147,6,47.1,287.9,139.8,57.26000000000005,1,1,1.0
147,7,691.67,228.13,105.41000000000008,67.05000000000001,1,1,1.0
147,8,795.3,457.0,121.10000000000002,83.0,1,1,1.0
147,3,208.9,256.57,94.20000000000002,40.25,1,1,1.0
148,4,0.0,381.7,104.9,158.3,1,1,1.0
148,6,28.9,289.57,140.42,57.129999999999995,1,1,1.0
148,7,683.01,228.41,106.54999999999995,67.48999999999998,1,1,1.0
148,8,805.5,452.8,117.79999999999995,82.36999999999995,1,1,1.0
148,3,208.9,256.63,94.20000000000002,40.25,1,1,1.0
149,4,0.0,386.7,78.3,153.3,1,1,1.0
149,6,9.0,291.24,142.74,58.360000000000014,1,1,1.0
149,7,674.35,228.68,107.69999999999993,67.94,1,1,1.0
149,8,815.2,448.59,115.0,81.74000000000007,1,1,1.0
149,3,208.9,256.68,94.20000000000002,40.26999999999998,1,1,1.0
150,4,0.0,396.0,48.8,144.0,1,1,1.0
150,6,0.0,292.91,135.6,59.69,1,1,1.0
150,7,665.69,228.96,108.84999999999991,68.37999999999997,1,1,1.0
150,8,823.2,444.39,113.89999999999998,81.11000000000001,1,1,1.0
150,3,208.9,256.73,94.20000000000002,40.27999999999997,1,1,1.0
151,4,0.0,409.0,20.8,131.0,1,1,1.0
151,6,0.0,292.7,117.81,59.69999999999999,1,1,1.0
151,7,657.04,229.24,109.99000000000001,68.82,1,1,1.0
151,8,831.07,440.19,112.2299999999999,80.47999999999996,1,1,1.0
151,3,208.9,256.78,94.20000000000002,40.30000000000001,1,1,1.0
152,6,0.0,294.2,101.9,60.30000000000001,1,1,1.0
152,7,648.38,229.52,111.13,69.25999999999996,1,1,1.0
152,8,838.95,435.99,110.54999999999995,79.84000000000003,1,1,1.0
152,3,208.9,256.83,94.20000000000002,40.31,1,1,1.0
153,6,0.0,296.28,83.74,56.120000000000005,1,1,1.0
153,7,639.72,229.8,112.27999999999997,69.69999999999999,1,1,1.0
153,8,846.82,431.78,108.88,79.22000000000003,1,1,1.0
153,3,208.9,256.89,94.20000000000002,40.31999999999999,1,1,1.0
154,6,0.0,298.36,66.0,53.74000000000001,1,1,1.0
154,7,629.94,230.16,113.80999999999995,70.17999999999998,1,1,1.0
154,8,853.48,428.13,106.51999999999998,78.25999999999999,1,1,1.0
154,3,208.9,256.94,94.20000000000002,40.329999999999984,1,1,1.0
155,6,0.0,300.44,47.7,55.56,1,1,1.0
155,7,620.16,230.52,115.34000000000003,70.66,1,1,1.0
155,8,862.3,424.49,97.70000000000005,77.27999999999997,1,1,1.0
155,3,208.9,256.99,94.20000000000002,40.349999999999966,1,1,1.0
156,6,0.0,302.52,29.4,55.68000000000001,1,1,1.0
156,7,610.37,230.88,116.11000000000001,71.13999999999999,1,1,1.0
156,8,869.0,420.84,91.0,76.32000000000005,1,1,1.0
156,3,208.9,257.04,94.20000000000002,40.35999999999996,1,1,1.0
157,6,0.0,304.6,11.1,46.599999999999966,1,1,1.0
157,7,600.59,231.24,116.87,71.62,1,1,1.0
157,8,875.7,417.19,84.29999999999995,75.35000000000002,1,1,1.0
157,3,208.9,257.1,94.20000000000002,40.370000000000005,1,1,1.0
158,7,590.81,231.6,117.63000000000011,72.1,1,1,1.0
158,8,882.4,413.54,77.60000000000002,74.38999999999999,1,1,1.0
158,3,208.9,257.15,94.20000000000002,40.379999999999995,1,1,1.0
159,7,581.03,231.96,118.38999999999999,72.58000000000001,1,1,1.0
159,8,889.1,409.89,70.89999999999998,73.42000000000002,1,1,1.0
159,3,208.9,257.2,94.20000000000002,40.400000000000034,1,1,1.0
160,7,571.25,232.32,119.14999999999998,73.06,1,1,1.0
160,8,895.8,406.24,64.20000000000005,72.45999999999998,1,1,1.0
160,3,208.9,257.2,94.20000000000002,40.400000000000034,1,1,1.0
161,7,561.46,232.68,119.27999999999997,73.54000000000002,1,1,1.0
161,8,901.67,402.6,58.33000000000004,71.47999999999996,1,1,1.0
161,3,208.9,257.2,94.20000000000002,40.400000000000034,1,1,1.0
162,7,551.68,233.04,119.40000000000009,74.02000000000001,1,1,1.0
162,8,907.53,398.95,52.47000000000003,70.52000000000004,1,1,1.0
162,3,208.9,257.2,94.20000000000002,40.400000000000034,1,1,1.0
163,7,541.9,233.4,119.50999999999999,74.49999999999997,1,1,1.0
163,8,913.4,395.3,46.60000000000002,69.55000000000001,1,1,1.0
163,3,208.9,257.2,94.20000000000002,40.400000000000034,1,1,1.0
164,7,530.24,234.04,122.15999999999997,74.46000000000001,1,1,1.0
164,8,919.3,392.08,40.700000000000045,69.55000000000001,1,1,1.0
164,3,208.9,257.2,94.20000000000002,40.400000000000034,1,1,1.0
165,7,518.57,234.68,123.78999999999996,74.42000000000002,1,1,1.0
165,8,924.67,390.47,35.33000000000004,69.02999999999997,1,1,1.0
165,3,208.9,257.2,94.20000000000002,40.400000000000034,1,1,1.0
166,7,506.91,235.32,125.41000000000003,74.38,1,1,1.0
166,8,931.11,386.71,28.889999999999986,65.79000000000002,1,1,1.0
166,3,208.9,257.2,94.20000000000002,40.400000000000034,1,1,1.0
167,7,495.24,235.96,127.03999999999996,74.34,1,1,1.0
167,8,934.9,386.71,25.100000000000023,64.19,1,1,1.0
167,3,208.9,257.2,94.20000000000002,40.400000000000034,1,1,1.0
168,7,483.58,236.6,128.66000000000003,74.29999999999998,1,1,1.0
168,8,940.27,385.64,19.730000000000018,58.860000000000014,1,1,1.0
168,3,208.9,257.2,94.20000000000002,40.400000000000034,1,1,1.0
169,7,471.92,237.24,130.28000000000003,74.25999999999999,1,1,1.0
169,8,945.63,387.8,14.370000000000005,55.089999999999975,1,1,1.0
169,3,208.9,257.2,94.20000000000002,40.400000000000034,1,1,1.0
170,7,460.25,237.88,131.20000000000005,74.22000000000003,1,1,1.0
170,8,949.92,392.6,10.080000000000041,41.19999999999999,1,1,1.0
170,3,208.9,257.2,94.20000000000002,40.400000000000034,1,1,1.0
171,7,448.59,238.52,132.11000000000007,74.17999999999998,1,1,1.0
171,8,955.29,392.6,4.710000000000036,41.19999999999999,1,1,1.0
171,3,208.9,257.2,94.20000000000002,40.400000000000034,1,1,1.0
172,7,436.92,239.16,133.03000000000003,74.14000000000001,1,1,1.0
172,3,208.9,257.2,94.20000000000002,40.400000000000034,1,1,1.0
173,7,425.26,239.8,133.94000000000005,74.09999999999997,1,1,1.0
173,3,208.9,257.2,94.20000000000002,40.400000000000034,1,1,1.0
174,7,413.75,239.92,134.75,74.74000000000004,1,1,1.0
174,3,208.9,257.2,94.20000000000002,40.400000000000034,1,1,1.0
175,7,402.25,240.04,135.54999999999995,75.38000000000002,1,1,1.0
175,3,208.9,257.2,94.20000000000002,40.400000000000034,1,1,1.0
176,7,390.74,240.16,136.35000000000002,76.02000000000001,1,1,1.0
176,3,208.9,257.2,94.20000000000002,40.400000000000034,1,1,1.0
177,7,379.23,240.28,137.15999999999997,76.66,1,1,1.0
177,3,208.9,257.2,94.20000000000002,40.400000000000034,1,1,1.0
178,7,367.73,240.4,137.95999999999998,77.29999999999998,1,1,1.0
178,3,208.9,257.2,94.20000000000002,40.400000000000034,1,1,1.0
179,7,356.22,240.52,138.76999999999998,77.93999999999997,1,1,1.0
179,3,208.9,257.2,94.20000000000002,40.400000000000034,1,1,1.0
180,7,344.72,240.64,139.55999999999995,78.58000000000004,1,1,1.0
180,3,208.9,257.2,94.20000000000002,40.400000000000034,1,1,1.0
181,7,333.21,240.76,140.37,79.22000000000003,1,1,1.0
181,3,208.9,257.2,94.20000000000002,40.400000000000034,1,1,1.0
182,7,321.71,240.88,141.17000000000002,79.86000000000001,1,1,1.0
182,3,208.9,257.2,94.20000000000002,40.400000000000034,1,1,1.0
183,7,310.2,241.0,141.98000000000002,80.5,1,1,1.0
183,3,208.9,257.2,94.20000000000002,40.400000000000034,1,1,1.0
184,7,298.63,241.69,142.44,80.72000000000003,1,1,1.0
184,3,208.9,257.2,94.20000000000002,40.400000000000034,1,1,1.0
185,7,287.06,242.38,142.89999999999998,80.94999999999999,1,1,1.0
185,3,208.9,257.2,94.20000000000002,40.400000000000034,1,1,1.0
186,7,275.49,243.06,143.36,81.18,1,1,1.0
186,3,208.9,257.2,94.20000000000002,40.400000000000034,1,1,1.0
187,7,263.91,243.75,143.82999999999998,81.41000000000003,1,1,1.0
187,3,208.9,257.2,94.20000000000002,40.400000000000034,1,1,1.0
188,7,252.34,244.44,144.29,81.63,1,1,1.0
188,3,208.9,257.2,94.20000000000002,40.400000000000034,1,1,1.0
189,7,240.77,245.12,144.74999999999997,81.87,1,1,1.0
189,3,208.9,257.2,94.20000000000002,40.400000000000034,1,1,1.0
190,7,229.2,245.81,145.22000000000003,82.08999999999997,1,1,1.0
190,3,208.9,257.2,94.20000000000002,40.400000000000034,1,1,1.0
